0 0
0.0625 0.0625
0.125 0.124401
0.1875 0.185704
0.25 0.246407
0.3125 0.306512
0.375 0.366019
0.4375 0.424926
0.5 0.483235
0.5625 0.540945
0.625 0.598056
0.6875 0.654568
0.75 0.710482
0.8125 0.765797
0.875 0.820513
0.9375 0.874631
1 0.928149
1.0625 0.981069
1.125 1.03339
1.1875 1.08511
1.25 1.13624
1.3125 1.18676
1.375 1.23669
1.4375 1.28602
1.5 1.33474
1.5625 1.38287
1.625 1.4304
1.6875 1.47734
1.75 1.52367
1.8125 1.56941
1.875 1.61454
1.9375 1.65908
2 1.70302
2.0625 1.74636
2.125 1.7891
2.1875 1.83124
2.25 1.87278
2.3125 1.91373
2.375 1.95408
2.4375 1.99382
2.5 2.03297
2.5625 2.07152
2.625 2.10947
2.6875 2.14682
2.75 2.18358
2.8125 2.21973
2.875 2.25529
2.9375 2.29025
3 2.3246
3.0625 2.35836
3.125 2.39153
3.1875 2.42409
3.25 2.45605
3.3125 2.48742
3.375 2.51818
3.4375 2.54835
3.5 2.57792
3.5625 2.60689
3.625 2.63526
3.6875 2.66303
3.75 2.6902
3.8125 2.71678
3.875 2.74275
3.9375 2.76813
4 2.79291
4.0625 2.81709
4.125 2.84067
4.1875 2.86365
4.25 2.88604
4.3125 2.90782
4.375 2.92901
4.4375 2.94959
4.5 2.96958
4.5625 2.98897
4.625 3.00776
4.6875 3.02596
4.75 3.04355
4.8125 3.06054
4.875 3.07694
4.9375 3.09274
5 3.10793
5.0625 3.12253
5.125 3.13654
5.1875 3.14994
5.25 3.16274
5.3125 3.17495
5.375 3.18655
5.4375 3.19756
5.5 3.20797
5.5625 3.21778
5.625 3.22699
5.6875 3.2356
5.75 3.24361
5.8125 3.25103
5.875 3.25784
5.9375 3.26406
6 3.26968
6.0625 3.2747
6.125 3.27912
6.1875 3.28294
6.25 3.28616
6.3125 3.28879
6.375 3.29081
6.4375 3.29224
6.5 3.29307
6.5625 3.2933
6.625 3.2933
6.6875 3.2927
6.75 3.2915
6.8125 3.28971
6.875 3.28731
6.9375 3.28432
7 3.28072
7.0625 3.27653
7.125 3.27174
7.1875 3.26635
7.25 3.26037
7.3125 3.25378
7.375 3.2466
7.4375 3.23881
7.5 3.23043
7.5625 3.22145
7.625 3.21187
7.6875 3.20169
7.75 3.19091
7.8125 3.17953
7.875 3.16756
7.9375 3.15499
8 3.14181
8.0625 3.12804
8.125 3.11367
8.1875 3.0987
8.25 3.08314
8.3125 3.06697
8.375 3.0502
8.4375 3.03284
8.5 3.01488
8.5625 2.99632
8.625 2.97716
8.6875 2.9574
8.75 2.93704
8.8125 2.91608
8.875 2.89453
8.9375 2.87237
9 2.84962
9.0625 2.82627
9.125 2.80232
9.1875 2.77777
9.25 2.75262
9.3125 2.72688
9.375 2.70053
9.4375 2.67359
9.5 2.64604
9.5625 2.6179
9.625 2.58916
9.6875 2.55982
9.75 2.52989
9.8125 2.49935
9.875 2.46821
9.9375 2.43648
10 2.40415
10.0625 2.37122
10.125 2.33769
10.1875 2.30356
10.25 2.26883
10.3125 2.2335
10.375 2.19758
10.4375 2.16105
10.5 2.12393
10.5625 2.08621
10.625 2.04789
10.6875 2.00897
10.75 1.96945
10.8125 1.92933
10.875 1.88862
10.9375 1.84731
11 1.80539
11.0625 1.76288
11.125 1.71977
11.1875 1.67606
11.25 1.63175
11.3125 1.58685
11.375 1.54134
11.4375 1.49524
11.5 1.44853
11.5625 1.40123
11.625 1.35333
11.6875 1.30483
11.75 1.25574
11.8125 1.20604
11.875 1.15574
11.9375 1.10485
12 1.05336
12.0625 1.00126
12.125 0.948574
12.1875 0.895285
12.25 0.841397
12.3125 0.78691
12.375 0.731825
12.4375 0.676141
12.5 0.619858
12.5625 0.562976
12.625 0.505496
12.6875 0.447416
12.75 0.388738
12.8125 0.329462
12.875 0.269586
12.9375 0.209112
13 0.148039
13.0625 0.0863672
13.125 0.0240967
13.1875 0
13.6875 0
13.75 0.05
13.8125 0.0994012
13.875 0.148204
13.9375 0.196407
14 0.244012
14.0625 0.291019
14.125 0.337426
14.1875 0.383235
14.25 0.428445
14.3125 0.473056
14.375 0.517068
14.4375 0.560482
14.5 0.603297
14.5625 0.645513
14.625 0.687131
14.6875 0.728149
14.75 0.768569
14.8125 0.808391
14.875 0.847613
14.9375 0.886237
15 0.924261
15.0625 0.961688
15.125 0.998515
15.1875 1.03474
15.25 1.07037
15.3125 1.1054
15.375 1.13984
15.4375 1.17367
15.5 1.20691
15.5625 1.23954
15.625 1.27158
15.6875 1.30302
15.75 1.33386
15.8125 1.3641
15.875 1.39374
15.9375 1.42278
16 1.45123
16.0625 1.47908
16.125 1.50632
16.1875 1.53297
16.25 1.55902
16.3125 1.58447
16.375 1.60932
16.4375 1.63358
16.5 1.65723
16.5625 1.68029
16.625 1.70275
16.6875 1.7246
16.75 1.74586
16.8125 1.76653
16.875 1.78659
16.9375 1.80605
17 1.82492
17.0625 1.84318
17.125 1.86085
17.1875 1.87792
17.25 1.89439
17.3125 1.91026
17.375 1.92553
17.4375 1.9402
17.5 1.95428
17.5625 1.96775
17.625 1.98063
17.6875 1.99291
17.75 2.00459
17.8125 2.01567
17.875 2.02615
17.9375 2.03604
18 2.04532
18.0625 2.05401
18.125 2.06209
18.1875 2.06958
18.25 2.07647
18.3125 2.08276
18.375 2.08846
18.4375 2.09355
18.5 2.09804
18.5625 2.10194
18.625 2.10524
18.6875 2.10793
18.75 2.11003
18.8125 2.11154
18.875 2.11244
18.9375 2.11274
19 2.11274
19.0625 2.11214
19.125 2.11094
19.1875 2.10915
19.25 2.10675
19.3125 2.10376
19.375 2.10017
19.4375 2.09598
19.5 2.09119
19.5625 2.0858
19.625 2.07981
19.6875 2.07322
19.75 2.06604
19.8125 2.05825
19.875 2.04987
19.9375 2.04089
20 2.03131
20.0625 2.02113
20.125 2.01035
20.1875 1.99898
20.25 1.987
20.3125 1.97443
20.375 1.96126
20.4375 1.94748
20.5 1.93311
20.5625 1.91815
20.625 1.90258
20.6875 1.88641
20.75 1.86965
20.8125 1.85228
20.875 1.83432
20.9375 1.81576
21 1.7966
21.0625 1.77684
21.125 1.75648
21.1875 1.73552
21.25 1.71397
21.3125 1.69182
21.375 1.66906
21.4375 1.64571
21.5 1.62176
21.5625 1.59721
21.625 1.57206
21.6875 1.54632
21.75 1.51997
21.8125 1.49303
21.875 1.46549
21.9375 1.43734
22 1.4086
22.0625 1.37927
22.125 1.34933
22.1875 1.31879
22.25 1.28766
22.3125 1.25592
22.375 1.22359
22.4375 1.19066
22.5 1.15713
22.5625 1.123
22.625 1.08827
22.6875 1.05294
22.75 1.01702
22.8125 0.980495
22.875 0.943372
22.9375 0.905651
23 0.86733
23.0625 0.828411
23.125 0.788893
23.1875 0.748777
23.25 0.708062
23.3125 0.666747
23.375 0.624835
23.4375 0.582323
23.5 0.539213
23.5625 0.495504
23.625 0.451196
23.6875 0.406289
23.75 0.360784
23.8125 0.31468
23.875 0.267977
23.9375 0.220675
24 0.172775
24.0625 0.124276
24.125 0.0751776
24.1875 0.025481
24.25 0
24.75 0
24.8125 0.04
24.875 0.0794012
24.9375 0.118204
25 0.156407
25.0625 0.194012
25.125 0.231019
25.1875 0.267426
25.25 0.303235
25.3125 0.338445
25.375 0.373056
25.4375 0.407068
25.5 0.440482
25.5625 0.473297
25.625 0.505513
25.6875 0.537131
25.75 0.568149
25.8125 0.598569
25.875 0.628391
25.9375 0.657613
26 0.686237
26.0625 0.714261
26.125 0.741688
26.1875 0.768515
26.25 0.794744
26.3125 0.820374
26.375 0.845405
26.4375 0.869837
26.5 0.893671
26.5625 0.916906
26.625 0.939542
26.6875 0.961579
26.75 0.983018
26.8125 1.00386
26.875 1.0241
26.9375 1.04374
27 1.06278
27.0625 1.08123
27.125 1.09908
27.1875 1.11632
27.25 1.13297
27.3125 1.14902
27.375 1.16447
27.4375 1.17932
27.5 1.19358
27.5625 1.20723
27.625 1.22029
27.6875 1.23275
27.75 1.2446
27.8125 1.25586
27.875 1.26653
27.9375 1.27659
28 1.28605
28.0625 1.29492
28.125 1.30318
28.1875 1.31085
28.25 1.31792
28.3125 1.32439
28.375 1.33026
28.4375 1.33553
28.5 1.3402
28.5625 1.34428
28.625 1.34775
28.6875 1.35063
28.75 1.35291
28.8125 1.35459
28.875 1.35567
28.9375 1.35615
29 1.35615
29.0625 1.35555
29.125 1.35436
29.1875 1.35256
29.25 1.35017
29.3125 1.34717
29.375 1.34358
29.4375 1.33939
29.5 1.3346
29.5625 1.32921
29.625 1.32322
29.6875 1.31664
29.75 1.30945
29.8125 1.30167
29.875 1.29328
29.9375 1.2843
30 1.27472
30.0625 1.26454
30.125 1.25377
30.1875 1.24239
30.25 1.23041
30.3125 1.21784
30.375 1.20467
30.4375 1.1909
30.5 1.17653
30.5625 1.16156
30.625 1.14599
30.6875 1.12982
30.75 1.11306
30.8125 1.09569
30.875 1.07773
30.9375 1.05917
31 1.04001
31.0625 1.02025
31.125 0.999894
31.1875 0.978937
31.25 0.957382
31.3125 0.935228
31.375 0.912476
31.4375 0.889124
31.5 0.865174
31.5625 0.840625
31.625 0.815477
31.6875 0.789731
31.75 0.763386
31.8125 0.736442
31.875 0.708899
31.9375 0.680757
32 0.652017
32.0625 0.622678
32.125 0.59274
32.1875 0.562204
32.25 0.531069
32.3125 0.499335
32.375 0.467002
32.4375 0.43407
32.5 0.40054
32.5625 0.366411
32.625 0.331683
32.6875 0.296357
32.75 0.260432
32.8125 0.223907
32.875 0.186785
32.9375 0.149063
33 0.110743
33.0625 0.0718237
33.125 0.0323059
33.1875 0
33.6875 0
33.75 0.032
33.8125 0.0634012
33.875 0.0942037
33.9375 0.124407
34 0.154012
34.0625 0.183019
34.125 0.211426
34.1875 0.239235
34.25 0.266445
34.3125 0.293056
34.375 0.319068
34.4375 0.344482
34.5 0.369297
34.5625 0.393513
34.625 0.417131
34.6875 0.440149
34.75 0.462569
34.8125 0.484391
34.875 0.505613
34.9375 0.526237
35 0.546261
35.0625 0.565688
35.125 0.584515
35.1875 0.602744
35.25 0.620374
35.3125 0.637405
35.375 0.653837
35.4375 0.669671
35.5 0.684906
35.5625 0.699542
35.625 0.713579
35.6875 0.727018
35.75 0.739857
35.8125 0.752099
35.875 0.763741
35.9375 0.774784
36 0.785229
36.0625 0.795075
36.125 0.804323
36.1875 0.812971
36.25 0.821021
36.3125 0.828472
36.375 0.835324
36.4375 0.841578
36.5 0.847233
36.5625 0.852289
36.625 0.856746
36.6875 0.860604
36.75 0.863864
36.8125 0.866525
36.875 0.868588
36.9375 0.870051
37 0.870916
37.0625 0.871182
37.125 0.871182
37.1875 0.870583
37.25 0.869385
37.3125 0.867589
37.375 0.865194
37.4375 0.8622
37.5 0.858608
37.5625 0.854417
37.625 0.849627
37.6875 0.844238
37.75 0.83825
37.8125 0.831664
37.875 0.824479
37.9375 0.816695
38 0.808313
38.0625 0.799331
38.125 0.789751
38.1875 0.779572
38.25 0.768795
38.3125 0.757418
38.375 0.745443
38.4375 0.732869
38.5 0.719697
38.5625 0.705925
38.625 0.691555
38.6875 0.676586
38.75 0.661019
38.8125 0.644852
38.875 0.628087
38.9375 0.610723
39 0.592761
39.0625 0.574199
39.125 0.555039
39.1875 0.53528
39.25 0.514923
39.3125 0.493966
39.375 0.472411
39.4375 0.450257
39.5 0.427504
39.5625 0.404153
39.625 0.380203
39.6875 0.355654
39.75 0.330506
39.8125 0.30476
39.875 0.278414
39.9375 0.25147
40 0.223928
40.0625 0.195786
40.125 0.167046
40.1875 0.137707
40.25 0.107769
40.3125 0.0772328
40.375 0.0460975
40.4375 0.0143635
40.5 0
41 0
41.0625 0.0256
41.125 0.0506012
41.1875 0.0750037
41.25 0.0988075
41.3125 0.122012
41.375 0.144619
41.4375 0.166626
41.5 0.188035
41.5625 0.208845
41.625 0.229056
41.6875 0.248668
41.75 0.267682
41.8125 0.286097
41.875 0.303913
41.9375 0.321131
42 0.337749
42.0625 0.353769
42.125 0.369191
42.1875 0.384013
42.25 0.398237
42.3125 0.411861
42.375 0.424888
42.4375 0.437315
42.5 0.449144
42.5625 0.460374
42.625 0.471005
42.6875 0.481037
42.75 0.490471
42.8125 0.499306
42.875 0.507542
42.9375 0.515179
43 0.522218
43.0625 0.528657
43.125 0.534499
43.1875 0.539741
43.25 0.544384
43.3125 0.548429
43.375 0.551875
43.4375 0.554723
43.5 0.556971
43.5625 0.558621
43.625 0.559672
43.6875 0.560124
43.75 0.560124
43.8125 0.559526
43.875 0.558328
43.9375 0.556532
44 0.554137
44.0625 0.551143
44.125 0.54755
44.1875 0.543359
44.25 0.538569
44.3125 0.53318
44.375 0.527193
44.4375 0.520607
44.5 0.513421
44.5625 0.505638
44.625 0.497255
44.6875 0.488274
44.75 0.478694
44.8125 0.468515
44.875 0.457737
44.9375 0.446361
45 0.434386
45.0625 0.421812
45.125 0.408639
45.1875 0.394868
45.25 0.380498
45.3125 0.365529
45.375 0.349961
45.4375 0.333795
45.5 0.31703
45.5625 0.299666
45.625 0.281703
45.6875 0.263142
45.75 0.243982
45.8125 0.224223
45.875 0.203865
45.9375 0.182909
46 0.161354
46.0625 0.1392
46.125 0.116447
46.1875 0.0930955
46.25 0.0691453
46.3125 0.0445964
46.375 0.0194487
46.4375 0
46.9375 0
47 0.02048
47.0625 0.0403612
47.125 0.0596437
47.1875 0.0783275
47.25 0.0964125
47.3125 0.113899
47.375 0.130786
47.4375 0.147075
47.5 0.162765
47.5625 0.177856
47.625 0.192348
47.6875 0.206242
47.75 0.219537
47.8125 0.232233
47.875 0.244331
47.9375 0.255829
48 0.266729
48.0625 0.277031
48.125 0.286733
48.1875 0.295837
48.25 0.304341
48.3125 0.312248
48.375 0.319555
48.4375 0.326264
48.5 0.332374
48.5625 0.337885
48.625 0.342797
48.6875 0.347111
48.75 0.350826
48.8125 0.353942
48.875 0.356459
48.9375 0.358378
49 0.359697
49.0625 0.360419
49.125 0.360541
49.1875 0.360541
49.25 0.359942
49.3125 0.358745
49.375 0.356948
49.4375 0.354553
49.5 0.35156
49.5625 0.347967
49.625 0.343776
49.6875 0.338986
49.75 0.333597
49.8125 0.327609
49.875 0.321023
49.9375 0.313838
50 0.306054
50.0625 0.297672
50.125 0.28869
50.1875 0.27911
50.25 0.268931
50.3125 0.258154
50.375 0.246777
50.4375 0.234802
50.5 0.222228
50.5625 0.209056
50.625 0.195284
50.6875 0.180914
50.75 0.165946
50.8125 0.150378
50.875 0.134211
50.9375 0.117446
51 0.100082
51.0625 0.0821198
51.125 0.0635584
51.1875 0.0443983
51.25 0.0246394
51.3125 0.00428169
51.375 0
51.875 0
51.9375 0.016384
52 0.0321692
52.0625 0.0473557
52.125 0.0619435
52.1875 0.0759325
52.25 0.0893227
52.3125 0.102114
52.375 0.114307
52.4375 0.125901
52.5 0.136896
52.5625 0.147292
52.625 0.15709
52.6875 0.166289
52.75 0.174889
52.8125 0.182891
52.875 0.190293
52.9375 0.197097
53 0.203303
53.0625 0.208909
53.125 0.213917
53.1875 0.218325
53.25 0.222136
53.3125 0.225347
53.375 0.22796
53.4375 0.229974
53.5 0.231389
53.5625 0.232205
53.625 0.232423
53.6875 0.232423
53.75 0.231824
53.8125 0.230626
53.875 0.22883
53.9375 0.226435
54 0.223441
54.0625 0.219849
54.125 0.215658
54.1875 0.210867
54.25 0.205479
54.3125 0.199491
54.375 0.192905
54.4375 0.18572
54.5 0.177936
54.5625 0.169553
54.625 0.160572
54.6875 0.150992
54.75 0.140813
54.8125 0.130036
54.875 0.118659
54.9375 0.106684
55 0.0941103
55.0625 0.0809377
55.125 0.0671663
55.1875 0.0527962
55.25 0.0378273
55.3125 0.0222597
55.375 0.00609331
55.4375 0
55.9375 0
56 0.0131072
56.0625 0.0256156
56.125 0.0375253
56.1875 0.0488363
56.25 0.0595485
56.3125 0.0696619
56.375 0.0791765
56.4375 0.0880925
56.5 0.0964096
56.5625 0.104128
56.625 0.111248
56.6875 0.117769
56.75 0.123691
56.8125 0.129014
56.875 0.133739
56.9375 0.137865
57 0.141392
57.0625 0.14432
57.125 0.14665
57.1875 0.148381
57.25 0.149513
57.3125 0.150046
57.375 0.150046
57.4375 0.149447
57.5 0.14825
57.5625 0.146453
57.625 0.144058
57.6875 0.141065
57.75 0.137472
57.8125 0.133281
57.875 0.128491
57.9375 0.123102
58 0.117115
58.0625 0.110528
58.125 0.103343
58.1875 0.0955593
58.25 0.0871768
58.3125 0.0781954
58.375 0.0686154
58.4375 0.0584365
58.5 0.0476589
58.5625 0.0362826
58.625 0.0243075
58.6875 0.0117336
58.75 0
59.25 0
59.3125 0.0104858
59.375 0.0203728
59.4375 0.029661
59.5 0.0383505
59.5625 0.0464413
59.625 0.0539332
59.6875 0.0608265
59.75 0.0671209
59.8125 0.0728167
59.875 0.0779136
59.9375 0.0824118
60 0.0863113
60.0625 0.089612
60.125 0.0923139
60.1875 0.0944171
60.25 0.0959216
60.3125 0.0968273
60.375 0.0971342
60.4375 0.0971342
60.5 0.0965354
60.5625 0.0953379
60.625 0.0935417
60.6875 0.0911466
60.75 0.0881529
60.8125 0.0845603
60.875 0.080369
60.9375 0.075579
61 0.0701902
61.0625 0.0642027
61.125 0.0576164
61.1875 0.0504313
61.25 0.0426475
61.3125 0.0342649
61.375 0.0252836
61.4375 0.0157035
61.5 0.00552469
61.5625 0
62.0625 0
62.125 0.00838861
62.1875 0.0161785
62.25 0.0233696
62.3125 0.0299619
62.375 0.0359555
62.4375 0.0413503
62.5 0.0461464
62.5625 0.0503437
62.625 0.0539423
62.6875 0.0569421
62.75 0.0593432
62.8125 0.0611455
62.875 0.062349
62.9375 0.0629538
63 0.0629599
63.0625 0.0629599
63.125 0.0623611
63.1875 0.0611636
63.25 0.0593673
63.3125 0.0569723
63.375 0.0539785
63.4375 0.050386
63.5 0.0461947
63.5625 0.0414047
63.625 0.0360159
63.6875 0.0300283
63.75 0.023442
63.8125 0.016257
63.875 0.00847316
63.9375 9.05946e-05
64 0
64.5 0
64.5625 0.00671089
64.625 0.012823
64.6875 0.0183364
64.75 0.023251
64.8125 0.0275669
64.875 0.031284
64.9375 0.0344024
65 0.036922
65.0625 0.0388428
65.125 0.0401649
65.1875 0.0408882
65.25 0.0410128
65.3125 0.0410128
65.375 0.0404141
65.4375 0.0392165
65.5 0.0374203
65.5625 0.0350253
65.625 0.0320315
65.6875 0.028439
65.75 0.0242477
65.8125 0.0194576
65.875 0.0140688
65.9375 0.0080813
66 0.00149499
66.0625 0
66.5625 0
66.625 0.00536871
66.6875 0.0101387
66.75 0.0143099
66.8125 0.0178823
66.875 0.020856
66.9375 0.0232309
67 0.0250071
67.0625 0.0261845
67.125 0.0267632
67.1875 0.0267632
67.25 0.0261645
67.3125 0.0249669
67.375 0.0231707
67.4375 0.0207757
67.5 0.0177819
67.5625 0.0141894
67.625 0.00999807
67.6875 0.00520803
67.75 0
68.25 0
68.3125 0.00429497
68.375 0.00799118
68.4375 0.0110886
68.5 0.0135873
68.5625 0.0154873
68.625 0.0167885
68.6875 0.0174909
68.75 0.0175946
68.8125 0.0175946
68.875 0.0169958
68.9375 0.0157983
69 0.0140021
69.0625 0.0116071
69.125 0.00861328
69.1875 0.00502075
