0 0
0.0625 0.0625
0.125 0.124401
0.1875 0.185704
0.25 0.246407
0.3125 0.306512
0.375 0.366019
0.4375 0.424926
0.5 0.483235
0.5625 0.540945
0.625 0.598056
0.6875 0.654568
0.75 0.710482
0.8125 0.765797
0.875 0.820513
0.9375 0.874631
1 0.928149
1.0625 0.981069
1.125 1.03339
1.1875 1.08511
1.25 1.13624
1.3125 1.18676
1.375 1.23669
1.4375 1.28602
1.5 1.33474
1.5625 1.38287
1.625 1.4304
1.6875 1.47734
1.75 1.52367
1.8125 1.56941
1.875 1.61454
1.9375 1.65908
2 1.70302
2.0625 1.74636
2.125 1.7891
2.1875 1.83124
2.25 1.87278
2.3125 1.91373
2.375 1.95408
2.4375 1.99382
2.5 2.03297
2.5625 2.07152
2.625 2.10947
2.6875 2.14682
2.75 2.18358
2.8125 2.21973
2.875 2.25529
2.9375 2.29025
3 2.3246
3.0625 2.35836
3.125 2.39153
3.1875 2.42409
3.25 2.45605
3.3125 2.48742
3.375 2.51818
3.4375 2.54835
3.5 2.57792
3.5625 2.60689
3.625 2.63526
3.6875 2.66303
3.75 2.6902
3.8125 2.71678
3.875 2.74275
3.9375 2.76813
4 2.79291
4.0625 2.81709
4.125 2.84067
4.1875 2.86365
4.25 2.88604
4.3125 2.90782
4.375 2.92901
4.4375 2.94959
4.5 2.96958
4.5625 2.98897
4.625 3.00776
4.6875 3.02596
4.75 3.04355
4.8125 3.06054
4.875 3.07694
4.9375 3.09274
5 3.10793
5.0625 3.12253
5.125 3.13654
5.1875 3.14994
5.25 3.16274
5.3125 3.17495
5.375 3.18655
5.4375 3.19756
5.5 3.20797
5.5625 3.21778
5.625 3.22699
5.6875 3.2356
5.75 3.24361
5.8125 3.25103
5.875 3.25784
5.9375 3.26406
6 3.26968
6.0625 3.2747
6.125 3.27912
6.1875 3.28294
6.25 3.28616
6.3125 3.28879
6.375 3.29081
6.4375 3.29224
6.5 3.29307
6.5625 3.2933
6.625 3.29293
6.6875 3.29196
6.75 3.29039
6.8125 3.28823
6.875 3.28546
6.9375 3.2821
7 3.27814
7.0625 3.27358
7.125 3.26842
7.1875 3.26266
7.25 3.2563
7.3125 3.24935
7.375 3.2418
7.4375 3.23364
7.5 3.22489
7.5625 3.21554
7.625 3.20559
7.6875 3.19504
7.75 3.1839
7.8125 3.17215
7.875 3.15981
7.9375 3.14686
8 3.13332
8.0625 3.11918
8.125 3.10444
8.1875 3.0891
8.25 3.07317
8.3125 3.05663
8.375 3.0395
8.4375 3.02176
8.5 3.00343
8.5625 2.9845
8.625 2.96497
8.6875 2.94484
8.75 2.92411
8.8125 2.90279
8.875 2.88086
8.9375 2.85834
9 2.83522
9.0625 2.8115
9.125 2.78718
9.1875 2.76226
9.25 2.73674
9.3125 2.71063
9.375 2.68391
9.4375 2.6566
9.5 2.62869
9.5625 2.60018
9.625 2.57107
9.6875 2.54136
9.75 2.51105
9.8125 2.48015
9.875 2.44864
9.9375 2.41654
10 2.38384
10.0625 2.35054
10.125 2.31664
10.1875 2.28214
10.25 2.24704
10.3125 2.21135
10.375 2.17505
10.4375 2.13816
10.5 2.10067
10.5625 2.06258
10.625 2.02389
10.6875 1.9846
10.75 1.94471
10.8125 1.90422
10.875 1.86314
10.9375 1.82146
11 1.77917
11.0625 1.73629
11.125 1.69281
11.1875 1.64874
11.25 1.60406
11.3125 1.55878
11.375 1.51291
11.4375 1.46643
11.5 1.41936
11.5625 1.37169
11.625 1.32342
11.6875 1.27455
11.75 1.22509
11.8125 1.17502
11.875 1.12436
11.9375 1.07309
12 1.02123
12.0625 0.96877
12.125 0.91571
12.1875 0.862051
12.25 0.807794
12.3125 0.752938
12.375 0.697484
12.4375 0.64143
12.5 0.584778
12.5625 0.527527
12.625 0.469677
12.6875 0.411229
12.75 0.352181
12.8125 0.292535
12.875 0.232291
12.9375 0.171447
13 0.110005
13.0625 0.0479639
13.125 0
13.625 0
13.6875 0.05
13.75 0.0994012
13.8125 0.148204
13.875 0.196407
13.9375 0.244012
14 0.291019
14.0625 0.337426
14.125 0.383235
14.1875 0.428445
14.25 0.473056
14.3125 0.517068
14.375 0.560482
14.4375 0.603297
14.5 0.645513
14.5625 0.687131
14.625 0.728149
14.6875 0.768569
14.75 0.808391
14.8125 0.847613
14.875 0.886237
14.9375 0.924261
15 0.961688
15.0625 0.998515
15.125 1.03474
15.1875 1.07037
15.25 1.1054
15.3125 1.13984
15.375 1.17367
15.4375 1.20691
15.5 1.23954
15.5625 1.27158
15.625 1.30302
15.6875 1.33386
15.75 1.3641
15.8125 1.39374
15.875 1.42278
15.9375 1.45123
16 1.47908
16.0625 1.50632
16.125 1.53297
16.1875 1.55902
16.25 1.58447
16.3125 1.60932
16.375 1.63358
16.4375 1.65723
16.5 1.68029
16.5625 1.70275
16.625 1.7246
16.6875 1.74586
16.75 1.76653
16.8125 1.78659
16.875 1.80605
16.9375 1.82492
17 1.84318
17.0625 1.86085
17.125 1.87792
17.1875 1.89439
17.25 1.91026
17.3125 1.92553
17.375 1.9402
17.4375 1.95428
17.5 1.96775
17.5625 1.98063
17.625 1.99291
17.6875 2.00459
17.75 2.01567
17.8125 2.02615
17.875 2.03604
17.9375 2.04532
18 2.05401
18.0625 2.06209
18.125 2.06958
18.1875 2.07647
18.25 2.08276
18.3125 2.08846
18.375 2.09355
18.4375 2.09804
18.5 2.10194
18.5625 2.10524
18.625 2.10793
18.6875 2.11003
18.75 2.11154
18.8125 2.11244
18.875 2.11274
18.9375 2.11245
19 2.11155
19.0625 2.11006
19.125 2.10797
19.1875 2.10528
19.25 2.10199
19.3125 2.0981
19.375 2.09361
19.4375 2.08853
19.5 2.08284
19.5625 2.07656
19.625 2.06968
19.6875 2.0622
19.75 2.05412
19.8125 2.04544
19.875 2.03616
19.9375 2.02629
20 2.01581
20.0625 2.00474
20.125 1.99307
20.1875 1.9808
20.25 1.96793
20.3125 1.95446
20.375 1.94039
20.4375 1.92573
20.5 1.91046
20.5625 1.8946
20.625 1.87814
20.6875 1.86108
20.75 1.84342
20.8125 1.82516
20.875 1.8063
20.9375 1.78685
21 1.7668
21.0625 1.74614
21.125 1.72489
21.1875 1.70304
21.25 1.68059
21.3125 1.65754
21.375 1.6339
21.4375 1.60965
21.5 1.58481
21.5625 1.55936
21.625 1.53332
21.6875 1.50668
21.75 1.47944
21.8125 1.4516
21.875 1.42317
21.9375 1.39413
22 1.3645
22.0625 1.33426
22.125 1.30343
22.1875 1.272
22.25 1.23997
22.3125 1.20734
22.375 1.17411
22.4375 1.14029
22.5 1.10586
22.5625 1.07084
22.625 1.03522
22.6875 0.998999
22.75 0.96218
22.8125 0.924761
22.875 0.886744
22.9375 0.848129
23 0.808914
23.0625 0.769101
23.125 0.728689
23.1875 0.687678
23.25 0.646069
23.3125 0.60386
23.375 0.561053
23.4375 0.517648
23.5 0.473643
23.5625 0.42904
23.625 0.383838
23.6875 0.338037
23.75 0.291638
23.8125 0.244639
23.875 0.197042
23.9375 0.148846
24 0.100052
24.0625 0.0506586
24.125 0.000666504
24.1875 0
24.6875 0
24.75 0.04
24.8125 0.0794012
24.875 0.118204
24.9375 0.156407
25 0.194012
25.0625 0.231019
25.125 0.267426
25.1875 0.303235
25.25 0.338445
25.3125 0.373056
25.375 0.407068
25.4375 0.440482
25.5 0.473297
25.5625 0.505513
25.625 0.537131
25.6875 0.568149
25.75 0.598569
25.8125 0.628391
25.875 0.657613
25.9375 0.686237
26 0.714261
26.0625 0.741688
26.125 0.768515
26.1875 0.794744
26.25 0.820374
26.3125 0.845405
26.375 0.869837
26.4375 0.893671
26.5 0.916906
26.5625 0.939542
26.625 0.961579
26.6875 0.983018
26.75 1.00386
26.8125 1.0241
26.875 1.04374
26.9375 1.06278
27 1.08123
27.0625 1.09908
27.125 1.11632
27.1875 1.13297
27.25 1.14902
27.3125 1.16447
27.375 1.17932
27.4375 1.19358
27.5 1.20723
27.5625 1.22029
27.625 1.23275
27.6875 1.2446
27.75 1.25586
27.8125 1.26653
27.875 1.27659
27.9375 1.28605
28 1.29492
28.0625 1.30318
28.125 1.31085
28.1875 1.31792
28.25 1.32439
28.3125 1.33026
28.375 1.33553
28.4375 1.3402
28.5 1.34428
28.5625 1.34775
28.625 1.35063
28.6875 1.35291
28.75 1.35459
28.8125 1.35567
28.875 1.35615
28.9375 1.35604
29 1.35532
29.0625 1.35401
29.125 1.35209
29.1875 1.34958
29.25 1.34647
29.3125 1.34276
29.375 1.33846
29.4375 1.33355
29.5 1.32804
29.5625 1.32194
29.625 1.31524
29.6875 1.30793
29.75 1.30003
29.8125 1.29154
29.875 1.28244
29.9375 1.27274
30 1.26245
30.0625 1.25155
30.125 1.24006
30.1875 1.22797
30.25 1.21528
30.3125 1.20199
30.375 1.1881
30.4375 1.17361
30.5 1.15853
30.5625 1.14284
30.625 1.12656
30.6875 1.10968
30.75 1.0922
30.8125 1.07412
30.875 1.05544
30.9375 1.03616
31 1.01629
31.0625 0.995814
31.125 0.974741
31.1875 0.953069
31.25 0.930798
31.3125 0.907929
31.375 0.884461
31.4375 0.860394
31.5 0.835729
31.5625 0.810464
31.625 0.784601
31.6875 0.75814
31.75 0.731079
31.8125 0.70342
31.875 0.675162
31.9375 0.646305
32 0.616849
32.0625 0.586795
32.125 0.556142
32.1875 0.52489
32.25 0.49304
32.3125 0.46059
32.375 0.427542
32.4375 0.393895
32.5 0.35965
32.5625 0.324805
32.625 0.289362
32.6875 0.25332
32.75 0.21668
32.8125 0.17944
32.875 0.141602
32.9375 0.103165
33 0.0641296
33.0625 0.0244952
33.125 0
33.625 0
33.6875 0.032
33.75 0.0634012
33.8125 0.0942037
33.875 0.124407
33.9375 0.154012
34 0.183019
34.0625 0.211426
34.125 0.239235
34.1875 0.266445
34.25 0.293056
34.3125 0.319068
34.375 0.344482
34.4375 0.369297
34.5 0.393513
34.5625 0.417131
34.625 0.440149
34.6875 0.462569
34.75 0.484391
34.8125 0.505613
34.875 0.526237
34.9375 0.546261
35 0.565688
35.0625 0.584515
35.125 0.602744
35.1875 0.620374
35.25 0.637405
35.3125 0.653837
35.375 0.669671
35.4375 0.684906
35.5 0.699542
35.5625 0.713579
35.625 0.727018
35.6875 0.739857
35.75 0.752099
35.8125 0.763741
35.875 0.774784
35.9375 0.785229
36 0.795075
36.0625 0.804323
36.125 0.812971
36.1875 0.821021
36.25 0.828472
36.3125 0.835324
36.375 0.841578
36.4375 0.847233
36.5 0.852289
36.5625 0.856746
36.625 0.860604
36.6875 0.863864
36.75 0.866525
36.8125 0.868588
36.875 0.870051
36.9375 0.870916
37 0.871182
37.0625 0.870849
37.125 0.869917
37.1875 0.868387
37.25 0.866258
37.3125 0.86353
37.375 0.860204
37.4375 0.856279
37.5 0.851755
37.5625 0.846632
37.625 0.84091
37.6875 0.83459
37.75 0.827671
37.8125 0.820153
37.875 0.812036
37.9375 0.803321
38 0.794007
38.0625 0.784094
38.125 0.773583
38.1875 0.762472
38.25 0.750763
38.3125 0.738455
38.375 0.725549
38.4375 0.712043
38.5 0.697939
38.5625 0.683236
38.625 0.667935
38.6875 0.652034
38.75 0.635535
38.8125 0.618437
38.875 0.60074
38.9375 0.582445
39 0.563551
39.0625 0.544058
39.125 0.523966
39.1875 0.503276
39.25 0.481987
39.3125 0.460099
39.375 0.437612
39.4375 0.414527
39.5 0.390842
39.5625 0.366559
39.625 0.341678
39.6875 0.316197
39.75 0.290118
39.8125 0.26344
39.875 0.236163
39.9375 0.208288
40 0.179814
40.0625 0.150741
40.125 0.121069
40.1875 0.0907983
40.25 0.0599291
40.3125 0.0284611
40.375 0
40.875 0
40.9375 0.0256
41 0.0506012
41.0625 0.0750037
41.125 0.0988075
41.1875 0.122012
41.25 0.144619
41.3125 0.166626
41.375 0.188035
41.4375 0.208845
41.5 0.229056
41.5625 0.248668
41.625 0.267682
41.6875 0.286097
41.75 0.303913
41.8125 0.321131
41.875 0.337749
41.9375 0.353769
42 0.369191
42.0625 0.384013
42.125 0.398237
42.1875 0.411861
42.25 0.424888
42.3125 0.437315
42.375 0.449144
42.4375 0.460374
42.5 0.471005
42.5625 0.481037
42.625 0.490471
42.6875 0.499306
42.75 0.507542
42.8125 0.515179
42.875 0.522218
42.9375 0.528657
43 0.534499
43.0625 0.539741
43.125 0.544384
43.1875 0.548429
43.25 0.551875
43.3125 0.554723
43.375 0.556971
43.4375 0.558621
43.5 0.559672
43.5625 0.560124
43.625 0.559978
43.6875 0.559233
43.75 0.557889
43.8125 0.555946
43.875 0.553404
43.9375 0.550264
44 0.546525
44.0625 0.542188
44.125 0.537251
44.1875 0.531716
44.25 0.525582
44.3125 0.518849
44.375 0.511517
44.4375 0.503587
44.5 0.495058
44.5625 0.48593
44.625 0.476204
44.6875 0.465879
44.75 0.454955
44.8125 0.443432
44.875 0.43131
44.9375 0.41859
45 0.405271
45.0625 0.391353
45.125 0.376836
45.1875 0.361721
45.25 0.346007
45.3125 0.329694
45.375 0.312783
45.4375 0.295272
45.5 0.277163
45.5625 0.258455
45.625 0.239149
45.6875 0.219243
45.75 0.198739
45.8125 0.177636
45.875 0.155935
45.9375 0.133634
46 0.110735
46.0625 0.0872371
46.125 0.0631405
46.1875 0.0384451
46.25 0.0131509
46.3125 0
46.8125 0
46.875 0.02048
46.9375 0.0403612
47 0.0596437
47.0625 0.0783275
47.125 0.0964125
47.1875 0.113899
47.25 0.130786
47.3125 0.147075
47.375 0.162765
47.4375 0.177856
47.5 0.192348
47.5625 0.206242
47.625 0.219537
47.6875 0.232233
47.75 0.244331
47.8125 0.255829
47.875 0.266729
47.9375 0.277031
48 0.286733
48.0625 0.295837
48.125 0.304341
48.1875 0.312248
48.25 0.319555
48.3125 0.326264
48.375 0.332374
48.4375 0.337885
48.5 0.342797
48.5625 0.347111
48.625 0.350826
48.6875 0.353942
48.75 0.356459
48.8125 0.358378
48.875 0.359697
48.9375 0.360419
49 0.360541
49.0625 0.360064
49.125 0.358989
49.1875 0.357315
49.25 0.355043
49.3125 0.352171
49.375 0.348701
49.4375 0.344632
49.5 0.339964
49.5625 0.334698
49.625 0.328833
49.6875 0.322369
49.75 0.315306
49.8125 0.307644
49.875 0.299384
49.9375 0.290525
50 0.281068
50.0625 0.271011
50.125 0.260356
50.1875 0.249102
50.25 0.237249
50.3125 0.224797
50.375 0.211747
50.4375 0.198098
50.5 0.18385
50.5625 0.169004
50.625 0.153559
50.6875 0.137515
50.75 0.120872
50.8125 0.10363
50.875 0.0857898
50.9375 0.0673508
51 0.048313
51.0625 0.0286764
51.125 0.00844104
51.1875 0
51.6875 0
51.75 0.016384
51.8125 0.0321692
51.875 0.0473557
51.9375 0.0619435
52 0.0759325
52.0625 0.0893227
52.125 0.102114
52.1875 0.114307
52.25 0.125901
52.3125 0.136896
52.375 0.147292
52.4375 0.15709
52.5 0.166289
52.5625 0.174889
52.625 0.182891
52.6875 0.190293
52.75 0.197097
52.8125 0.203303
52.875 0.208909
52.9375 0.213917
53 0.218325
53.0625 0.222136
53.125 0.225347
53.1875 0.22796
53.25 0.229974
53.3125 0.231389
53.375 0.232205
53.4375 0.232423
53.5 0.232042
53.5625 0.231062
53.625 0.229483
53.6875 0.227306
53.75 0.224529
53.8125 0.221155
53.875 0.217181
53.9375 0.212608
54 0.207437
54.0625 0.201667
54.125 0.195299
54.1875 0.188331
54.25 0.180765
54.3125 0.1726
54.375 0.163836
54.4375 0.154474
54.5 0.144513
54.5625 0.133953
54.625 0.122794
54.6875 0.111036
54.75 0.0986803
54.8125 0.0857253
54.875 0.0721715
54.9375 0.058019
55 0.0432678
55.0625 0.0279178
55.125 0.011969
55.1875 0
55.6875 0
55.75 0.0131072
55.8125 0.0256156
55.875 0.0375253
55.9375 0.0488363
56 0.0595485
56.0625 0.0696619
56.125 0.0791765
56.1875 0.0880925
56.25 0.0964096
56.3125 0.104128
56.375 0.111248
56.4375 0.117769
56.5 0.123691
56.5625 0.129014
56.625 0.133739
56.6875 0.137865
56.75 0.141392
56.8125 0.14432
56.875 0.14665
56.9375 0.148381
57 0.149513
57.0625 0.150046
57.125 0.149981
57.1875 0.149316
57.25 0.148054
57.3125 0.146192
57.375 0.143731
57.4375 0.140672
57.5 0.137014
57.5625 0.132758
57.625 0.127902
57.6875 0.122448
57.75 0.116395
57.8125 0.109743
57.875 0.102493
57.9375 0.0946436
58 0.0861956
58.0625 0.0771489
58.125 0.0675034
58.1875 0.0572592
58.25 0.0464162
58.3125 0.0349744
58.375 0.0229339
58.4375 0.0102947
58.5 0
59 0
59.0625 0.0104858
59.125 0.0203728
59.1875 0.029661
59.25 0.0383505
59.3125 0.0464413
59.375 0.0539332
59.4375 0.0608265
59.5 0.0671209
59.5625 0.0728167
59.625 0.0779136
59.6875 0.0824118
59.75 0.0863113
59.8125 0.089612
59.875 0.0923139
59.9375 0.0944171
60 0.0959216
60.0625 0.0968273
60.125 0.0971342
60.1875 0.0968424
60.25 0.0959518
60.3125 0.0944624
60.375 0.0923743
60.4375 0.0896875
60.5 0.0864019
60.5625 0.0825175
60.625 0.0780344
60.6875 0.0729526
60.75 0.0672719
60.8125 0.0609926
60.875 0.0541144
60.9375 0.0466375
61 0.0385619
61.0625 0.0298875
61.125 0.0206144
61.1875 0.0107424
61.25 0.000271784
61.3125 0
61.8125 0
61.875 0.00838861
61.9375 0.0161785
62 0.0233696
62.0625 0.0299619
62.125 0.0359555
62.1875 0.0413503
62.25 0.0461464
62.3125 0.0503437
62.375 0.0539423
62.4375 0.0569421
62.5 0.0593432
62.5625 0.0611455
62.625 0.062349
62.6875 0.0629538
62.75 0.0629599
62.8125 0.0623671
62.875 0.0611757
62.9375 0.0593854
63 0.0569965
63.0625 0.0540087
63.125 0.0504222
63.1875 0.046237
63.25 0.041453
63.3125 0.0360702
63.375 0.0300887
63.4375 0.0235085
63.5 0.0163295
63.5625 0.00855168
63.625 0.00017515
63.6875 0
64.1875 0
64.25 0.00671089
64.3125 0.012823
64.375 0.0183364
64.4375 0.023251
64.5 0.0275669
64.5625 0.031284
64.625 0.0344024
64.6875 0.036922
64.75 0.0388428
64.8125 0.0401649
64.875 0.0408882
64.9375 0.0410128
65 0.0405386
65.0625 0.0394657
65.125 0.037794
65.1875 0.0355236
65.25 0.0326544
65.3125 0.0291865
65.375 0.0251198
65.4375 0.0204543
65.5 0.0151901
65.5625 0.00932712
65.625 0.0028654
65.6875 0
66.1875 0
66.25 0.00536871
66.3125 0.0101387
66.375 0.0143099
66.4375 0.0178823
66.5 0.020856
66.5625 0.0232309
66.625 0.0250071
66.6875 0.0261845
66.75 0.0267632
66.8125 0.0267431
66.875 0.0261243
66.9375 0.0249067
67 0.0230903
67.0625 0.0206752
67.125 0.0176614
67.1875 0.0140488
67.25 0.00983739
67.3125 0.00502727
67.375 0
67.875 0
67.9375 0.00429497
68 0.00799118
68.0625 0.0110886
68.125 0.0135873
68.1875 0.0154873
68.25 0.0167885
68.3125 0.0174909
68.375 0.0175946
68.4375 0.0170995
68.5 0.0160057
68.5625 0.0143131
68.625 0.0120218
68.6875 0.00913169
68.75 0.00564285
68.8125 0.00155525
68.875 0
69.375 0
69.4375 0.00343597
69.5 0.00627319
69.5625 0.00851166
69.625 0.0101514
